TERM *

DIR 38;2;122;162;247
LINK 38;2;158;206;106
MULTIHARDLINK 00
FIFO 38;2;86;95;137
SOCK 38;2;86;95;137
DOOR 38;2;86;95;137
BLK 38;2;86;95;137
CHR 38;2;86;95;137
ORPHAN 38;2;247;118;142
MISSING 38;2;247;118;142
SETUID 38;2;247;118;142
SETGID 38;2;247;118;142
CAPABILITY 38;2;247;118;142
STICKY_OTHER_WRITABLE 38;2;122;162;247
OTHER_WRITABLE 38;2;122;162;247
STICKY 38;2;122;162;247
EXEC 38;2;158;206;106

.tar 38;2;247;118;142
.tgz 38;2;247;118;142
.arc 38;2;247;118;142
.arj 38;2;247;118;142
.taz 38;2;247;118;142
.lha 38;2;247;118;142
.lz4 38;2;247;118;142
.lzh 38;2;247;118;142
.lzma 38;2;247;118;142
.tlz 38;2;247;118;142
.txz 38;2;247;118;142
.tzo 38;2;247;118;142
.t7z 38;2;247;118;142
.zip 38;2;247;118;142
.z 38;2;247;118;142
.dz 38;2;247;118;142
.gz 38;2;247;118;142
.lrz 38;2;247;118;142
.lz 38;2;247;118;142
.lzo 38;2;247;118;142
.xz 38;2;247;118;142
.zst 38;2;247;118;142
.tzst 38;2;247;118;142
.bz2 38;2;247;118;142
.bz 38;2;247;118;142
.tbz 38;2;247;118;142
.tbz2 38;2;247;118;142
.tz 38;2;247;118;142
.deb 38;2;247;118;142
.rpm 38;2;247;118;142
.jar 38;2;247;118;142
.war 38;2;247;118;142
.ear 38;2;247;118;142
.sar 38;2;247;118;142
.rar 38;2;247;118;142
.alz 38;2;247;118;142
.ace 38;2;247;118;142
.zoo 38;2;247;118;142
.cpio 38;2;247;118;142
.7z 38;2;247;118;142
.rz 38;2;247;118;142
.cab 38;2;247;118;142
.wim 38;2;247;118;142
.swm 38;2;247;118;142
.dwm 38;2;247;118;142
.esd 38;2;247;118;142

.jpg 38;2;158;206;106
.jpeg 38;2;158;206;106
.mjpg 38;2;158;206;106
.mjpeg 38;2;158;206;106
.gif 38;2;158;206;106
.bmp 38;2;158;206;106
.pbm 38;2;158;206;106
.pgm 38;2;158;206;106
.ppm 38;2;158;206;106
.tga 38;2;158;206;106
.xbm 38;2;158;206;106
.xpm 38;2;158;206;106
.tif 38;2;158;206;106
.tiff 38;2;158;206;106
.png 38;2;158;206;106
.svg 38;2;158;206;106
.svgz 38;2;158;206;106
.mng 38;2;158;206;106
.pcx 38;2;158;206;106
.mov 38;2;158;206;106
.mpg 38;2;158;206;106
.mpeg 38;2;158;206;106
.m2v 38;2;158;206;106
.mkv 38;2;158;206;106
.webm 38;2;158;206;106
.webp 38;2;158;206;106
.ogm 38;2;158;206;106
.mp4 38;2;158;206;106
.m4v 38;2;158;206;106
.mp4v 38;2;158;206;106
.vob 38;2;158;206;106
.qt 38;2;158;206;106
.nuv 38;2;158;206;106
.wmv 38;2;158;206;106
.asf 38;2;158;206;106
.rm 38;2;158;206;106
.rmvb 38;2;158;206;106
.flc 38;2;158;206;106
.avi 38;2;158;206;106
.fli 38;2;158;206;106
.flv 38;2;158;206;106
.gl 38;2;158;206;106
.dl 38;2;158;206;106
.xcf 38;2;158;206;106
.xwd 38;2;158;206;106
.yuv 38;2;158;206;106
.cgm 38;2;158;206;106
.emf 38;2;158;206;106

.ogv 38;2;158;206;106
.ogx 38;2;158;206;106

.aac 38;2;86;95;137
.au 38;2;86;95;137
.flac 38;2;86;95;137
.m4a 38;2;86;95;137
.mid 38;2;86;95;137
.midi 38;2;86;95;137
.mka 38;2;86;95;137
.mp3 38;2;86;95;137
.mpc 38;2;86;95;137
.ogg 38;2;86;95;137
.ra 38;2;86;95;137
.wav 38;2;86;95;137
.oga 38;2;86;95;137
.opus 38;2;86;95;137
.spx 38;2;86;95;137
.xspf 38;2;86;95;137

