TERM *

DIR 38;2;195;176;145
LINK 38;2;107;118;87
MULTIHARDLINK 00
FIFO 38;2;74;82;64
SOCK 38;2;74;82;64
DOOR 38;2;74;82;64
BLK 38;2;74;82;64
CHR 38;2;74;82;64
ORPHAN 38;2;204;120;50
MISSING 38;2;204;120;50
SETUID 38;2;204;120;50
SETGID 38;2;204;120;50
CAPABILITY 38;2;204;120;50
STICKY_OTHER_WRITABLE 38;2;195;176;145
OTHER_WRITABLE 38;2;195;176;145
STICKY 38;2;195;176;145
EXEC 38;2;107;118;87

.tar 38;2;204;120;50
.tgz 38;2;204;120;50
.arc 38;2;204;120;50
.arj 38;2;204;120;50
.taz 38;2;204;120;50
.lha 38;2;204;120;50
.lz4 38;2;204;120;50
.lzh 38;2;204;120;50
.lzma 38;2;204;120;50
.tlz 38;2;204;120;50
.txz 38;2;204;120;50
.tzo 38;2;204;120;50
.t7z 38;2;204;120;50
.zip 38;2;204;120;50
.z 38;2;204;120;50
.dz 38;2;204;120;50
.gz 38;2;204;120;50
.lrz 38;2;204;120;50
.lz 38;2;204;120;50
.lzo 38;2;204;120;50
.xz 38;2;204;120;50
.zst 38;2;204;120;50
.tzst 38;2;204;120;50
.bz2 38;2;204;120;50
.bz 38;2;204;120;50
.tbz 38;2;204;120;50
.tbz2 38;2;204;120;50
.tz 38;2;204;120;50
.deb 38;2;204;120;50
.rpm 38;2;204;120;50
.jar 38;2;204;120;50
.war 38;2;204;120;50
.ear 38;2;204;120;50
.sar 38;2;204;120;50
.rar 38;2;204;120;50
.alz 38;2;204;120;50
.ace 38;2;204;120;50
.zoo 38;2;204;120;50
.cpio 38;2;204;120;50
.7z 38;2;204;120;50
.rz 38;2;204;120;50
.cab 38;2;204;120;50
.wim 38;2;204;120;50
.swm 38;2;204;120;50
.dwm 38;2;204;120;50
.esd 38;2;204;120;50

.jpg 38;2;107;118;87
.jpeg 38;2;107;118;87
.mjpg 38;2;107;118;87
.mjpeg 38;2;107;118;87
.gif 38;2;107;118;87
.bmp 38;2;107;118;87
.pbm 38;2;107;118;87
.pgm 38;2;107;118;87
.ppm 38;2;107;118;87
.tga 38;2;107;118;87
.xbm 38;2;107;118;87
.xpm 38;2;107;118;87
.tif 38;2;107;118;87
.tiff 38;2;107;118;87
.png 38;2;107;118;87
.svg 38;2;107;118;87
.svgz 38;2;107;118;87
.mng 38;2;107;118;87
.pcx 38;2;107;118;87
.mov 38;2;107;118;87
.mpg 38;2;107;118;87
.mpeg 38;2;107;118;87
.m2v 38;2;107;118;87
.mkv 38;2;107;118;87
.webm 38;2;107;118;87
.webp 38;2;107;118;87
.ogm 38;2;107;118;87
.mp4 38;2;107;118;87
.m4v 38;2;107;118;87
.mp4v 38;2;107;118;87
.vob 38;2;107;118;87
.qt 38;2;107;118;87
.nuv 38;2;107;118;87
.wmv 38;2;107;118;87
.asf 38;2;107;118;87
.rm 38;2;107;118;87
.rmvb 38;2;107;118;87
.flc 38;2;107;118;87
.avi 38;2;107;118;87
.fli 38;2;107;118;87
.flv 38;2;107;118;87
.gl 38;2;107;118;87
.dl 38;2;107;118;87
.xcf 38;2;107;118;87
.xwd 38;2;107;118;87
.yuv 38;2;107;118;87
.cgm 38;2;107;118;87
.emf 38;2;107;118;87

.ogv 38;2;107;118;87
.ogx 38;2;107;118;87

.aac 38;2;74;82;64
.au 38;2;74;82;64
.flac 38;2;74;82;64
.m4a 38;2;74;82;64
.mid 38;2;74;82;64
.midi 38;2;74;82;64
.mka 38;2;74;82;64
.mp3 38;2;74;82;64
.mpc 38;2;74;82;64
.ogg 38;2;74;82;64
.ra 38;2;74;82;64
.wav 38;2;74;82;64
.oga 38;2;74;82;64
.opus 38;2;74;82;64
.spx 38;2;74;82;64
.xspf 38;2;74;82;64

