TERM *

DIR 38;2;215;153;33
LINK 38;2;152;151;26
MULTIHARDLINK 00
FIFO 38;2;102;92;84
SOCK 38;2;102;92;84
DOOR 38;2;102;92;84
BLK 38;2;102;92;84
CHR 38;2;102;92;84
ORPHAN 38;2;251;73;52
MISSING 38;2;251;73;52
SETUID 38;2;251;73;52
SETGID 38;2;251;73;52
CAPABILITY 38;2;251;73;52
STICKY_OTHER_WRITABLE 38;2;215;153;33
OTHER_WRITABLE 38;2;215;153;33
STICKY 38;2;215;153;33
EXEC 38;2;152;151;26

.tar 38;2;251;73;52
.tgz 38;2;251;73;52
.arc 38;2;251;73;52
.arj 38;2;251;73;52
.taz 38;2;251;73;52
.lha 38;2;251;73;52
.lz4 38;2;251;73;52
.lzh 38;2;251;73;52
.lzma 38;2;251;73;52
.tlz 38;2;251;73;52
.txz 38;2;251;73;52
.tzo 38;2;251;73;52
.t7z 38;2;251;73;52
.zip 38;2;251;73;52
.z 38;2;251;73;52
.dz 38;2;251;73;52
.gz 38;2;251;73;52
.lrz 38;2;251;73;52
.lz 38;2;251;73;52
.lzo 38;2;251;73;52
.xz 38;2;251;73;52
.zst 38;2;251;73;52
.tzst 38;2;251;73;52
.bz2 38;2;251;73;52
.bz 38;2;251;73;52
.tbz 38;2;251;73;52
.tbz2 38;2;251;73;52
.tz 38;2;251;73;52
.deb 38;2;251;73;52
.rpm 38;2;251;73;52
.jar 38;2;251;73;52
.war 38;2;251;73;52
.ear 38;2;251;73;52
.sar 38;2;251;73;52
.rar 38;2;251;73;52
.alz 38;2;251;73;52
.ace 38;2;251;73;52
.zoo 38;2;251;73;52
.cpio 38;2;251;73;52
.7z 38;2;251;73;52
.rz 38;2;251;73;52
.cab 38;2;251;73;52
.wim 38;2;251;73;52
.swm 38;2;251;73;52
.dwm 38;2;251;73;52
.esd 38;2;251;73;52

.jpg 38;2;152;151;26
.jpeg 38;2;152;151;26
.mjpg 38;2;152;151;26
.mjpeg 38;2;152;151;26
.gif 38;2;152;151;26
.bmp 38;2;152;151;26
.pbm 38;2;152;151;26
.pgm 38;2;152;151;26
.ppm 38;2;152;151;26
.tga 38;2;152;151;26
.xbm 38;2;152;151;26
.xpm 38;2;152;151;26
.tif 38;2;152;151;26
.tiff 38;2;152;151;26
.png 38;2;152;151;26
.svg 38;2;152;151;26
.svgz 38;2;152;151;26
.mng 38;2;152;151;26
.pcx 38;2;152;151;26
.mov 38;2;152;151;26
.mpg 38;2;152;151;26
.mpeg 38;2;152;151;26
.m2v 38;2;152;151;26
.mkv 38;2;152;151;26
.webm 38;2;152;151;26
.webp 38;2;152;151;26
.ogm 38;2;152;151;26
.mp4 38;2;152;151;26
.m4v 38;2;152;151;26
.mp4v 38;2;152;151;26
.vob 38;2;152;151;26
.qt 38;2;152;151;26
.nuv 38;2;152;151;26
.wmv 38;2;152;151;26
.asf 38;2;152;151;26
.rm 38;2;152;151;26
.rmvb 38;2;152;151;26
.flc 38;2;152;151;26
.avi 38;2;152;151;26
.fli 38;2;152;151;26
.flv 38;2;152;151;26
.gl 38;2;152;151;26
.dl 38;2;152;151;26
.xcf 38;2;152;151;26
.xwd 38;2;152;151;26
.yuv 38;2;152;151;26
.cgm 38;2;152;151;26
.emf 38;2;152;151;26

.ogv 38;2;152;151;26
.ogx 38;2;152;151;26

.aac 38;2;102;92;84
.au 38;2;102;92;84
.flac 38;2;102;92;84
.m4a 38;2;102;92;84
.mid 38;2;102;92;84
.midi 38;2;102;92;84
.mka 38;2;102;92;84
.mp3 38;2;102;92;84
.mpc 38;2;102;92;84
.ogg 38;2;102;92;84
.ra 38;2;102;92;84
.wav 38;2;102;92;84
.oga 38;2;102;92;84
.opus 38;2;102;92;84
.spx 38;2;102;92;84
.xspf 38;2;102;92;84

