TERM xterm-256color
TERM screen-256color

NORMAL 00
FILE 00
RESET 0
DIR 01;38;2;136;192;208
LINK 01;38;2;136;192;208
MULTIHARDLINK 00
FIFO 48;2;46;52;64;38;2;191;97;106;01
SOCK 48;2;46;52;64;38;2;163;190;140;01
DOOR 48;2;46;52;64;38;2;163;190;140;01
BLK 48;2;46;52;64;38;2;129;161;193;01
CHR 48;2;46;52;64;38;2;129;161;193;01
ORPHAN 48;2;46;52;64;38;2;191;97;106;01
MISSING 48;2;46;52;64;38;2;191;97;106;01
SETUID 48;2;191;97;106;38;2;236;239;244
SETGID 48;2;46;52;64;38;2;191;97;106
CAPABILITY 48;2;46;52;64;38;2;191;97;106
STICKY_OTHER_WRITABLE 48;2;163;190;140;38;2;46;52;64
OTHER_WRITABLE 48;2;180;142;173;38;2;46;52;64
STICKY 48;2;236;239;244;38;2;46;52;64
EXEC 01;38;2;163;190;140

.tar 01;38;2;191;97;106
.tgz 01;38;2;191;97;106
.arc 01;38;2;191;97;106
.zip 01;38;2;191;97;106
.rar 01;38;2;191;97;106
.gz 01;38;2;191;97;106
.bz2 01;38;2;191;97;106
.xz 01;38;2;191;97;106

.jpg 01;38;2;180;142;173
.jpeg 01;38;2;180;142;173
.png 01;38;2;180;142;173
.gif 01;38;2;180;142;173
.bmp 01;38;2;180;142;173
.svg 01;38;2;180;142;173

.mp3 01;38;2;235;203;139
.flac 01;38;2;235;203;139
.wav 01;38;2;235;203;139

.mp4 01;38;2;235;203;139
.mkv 01;38;2;235;203;139
.avi 01;38;2;235;203;139

