TERM xterm-256color
TERM screen-256color

NORMAL 00
FILE 00
RESET 0
DIR 01;38;2;167;192;128
LINK 01;38;2;167;192;128
MULTIHARDLINK 00
FIFO 48;2;45;53;59;38;2;230;126;128;01
SOCK 48;2;45;53;59;38;2;131;192;146;01
DOOR 48;2;45;53;59;38;2;131;192;146;01
BLK 48;2;45;53;59;38;2;127;187;179;01
CHR 48;2;45;53;59;38;2;127;187;179;01
ORPHAN 48;2;45;53;59;38;2;230;126;128;01
MISSING 48;2;45;53;59;38;2;230;126;128;01
SETUID 48;2;230;126;128;38;2;211;198;170
SETGID 48;2;45;53;59;38;2;230;126;128
CAPABILITY 48;2;45;53;59;38;2;230;126;128
STICKY_OTHER_WRITABLE 48;2;131;192;146;38;2;45;53;59
OTHER_WRITABLE 48;2;214;153;182;38;2;45;53;59
STICKY 48;2;211;198;170;38;2;45;53;59
EXEC 01;38;2;131;192;146

.tar 01;38;2;230;126;128
.tgz 01;38;2;230;126;128
.arc 01;38;2;230;126;128
.zip 01;38;2;230;126;128
.rar 01;38;2;230;126;128
.gz 01;38;2;230;126;128
.bz2 01;38;2;230;126;128
.xz 01;38;2;230;126;128

.jpg 01;38;2;214;153;182
.jpeg 01;38;2;214;153;182
.png 01;38;2;214;153;182
.gif 01;38;2;214;153;182
.bmp 01;38;2;214;153;182
.svg 01;38;2;214;153;182

.mp3 01;38;2;219;188;127
.flac 01;38;2;219;188;127
.wav 01;38;2;219;188;127

.mp4 01;38;2;219;188;127
.mkv 01;38;2;219;188;127
.avi 01;38;2;219;188;127

